# Analysis Summary

## Dataset: experiment_results.csv

## Summary Statistics

       num_tasks_  comm_delay_  packet_loss_    epsilon_  makespan_mean  makespan_std  makespan_min  makespan_max  message_count_mean  message_count_std  message_count_min  message_count_max  optimality_gap_mean  optimality_gap_std  optimality_gap_min  optimality_gap_max  recovery_time_mean  recovery_time_std  recovery_time_min  recovery_time_max  completion_rate_mean  completion_rate_std  completion_rate_min  completion_rate_max  workload_balance_mean  workload_balance_std  workload_balance_min  workload_balance_max
count  256.000000   256.000000    256.000000  256.000000     256.000000    256.000000    256.000000  2.560000e+02          256.000000         256.000000         256.000000         256.000000           256.000000          256.000000          256.000000          256.000000               256.0              256.0              256.0              256.0                 256.0                256.0                256.0                256.0                  256.0                 256.0                 256.0                 256.0
mean    15.000000   187.500000      0.225000    0.190000       7.452500      0.490114      6.250000  8.000000e+00          111.916667          21.730191          72.500000         160.000000            -0.726329            0.102013           -0.852330           -0.445111                 0.0                0.0                0.0                0.0                   1.0                  0.0                  1.0                  1.0                    1.0                   0.0                   1.0                   1.0
std     10.744812   195.237412      0.192405    0.192861       0.336791      0.254711      0.930528  8.899182e-16          119.201408          21.859211          79.819404         171.013863             0.237618            0.106568            0.128796            0.566637                 0.0                0.0                0.0                0.0                   0.0                  0.0                  0.0                  0.0                    0.0                   0.0                   0.0                   0.0
min      4.000000     0.000000      0.000000    0.010000       6.986667      0.181342      4.800000  8.000000e+00           11.300000           1.878187           8.000000          14.000000            -0.959665            0.003522           -0.965774           -0.950931                 0.0                0.0                0.0                0.0                   1.0                  0.0                  1.0                  1.0                    1.0                   0.0                   1.0                   1.0
25%      7.000000    37.500000      0.075000    0.040000       7.219167      0.296913      5.775000  8.000000e+00           25.650000           6.142817          16.250000          36.500000            -0.930332            0.006834           -0.944613           -0.918038                 0.0                0.0                0.0                0.0                   1.0                  0.0                  1.0                  1.0                    1.0                   0.0                   1.0                   1.0
50%     12.000000   125.000000      0.200000    0.125000       7.483333      0.465550      6.500000  8.000000e+00           62.766667          13.596271          37.500000          90.500000            -0.788483            0.071182           -0.902530           -0.640826                 0.0                0.0                0.0                0.0                   1.0                  0.0                  1.0                  1.0                    1.0                   0.0                   1.0                   1.0
75%     20.000000   275.000000      0.350000    0.275000       7.716667      0.658752      6.975000  8.000000e+00          149.033333          29.183645          93.750000         214.000000            -0.584480            0.166361           -0.810247           -0.167899                 0.0                0.0                0.0                0.0                   1.0                  0.0                  1.0                  1.0                    1.0                   0.0                   1.0                   1.0
max     32.000000   500.000000      0.500000    0.500000       7.856667      0.848013      7.200000  8.000000e+00          310.833333          57.850034         207.000000         445.000000            -0.368684            0.262164           -0.638484            0.452138                 0.0                0.0                0.0                0.0                   1.0                  0.0                  1.0                  1.0                    1.0                   0.0                   1.0                   1.0

## ANOVA Results

## 95% Confidence Intervals

